Systems_count: 12
#1
A( 47 x 11 )
-28 -8 38 4 -2 14 35 -32 8 13 -31 

18 -18 -41 39 -41 -42 3 -40 7 28 37 

-49 -34 -13 -39 1 10 23 -1 -30 -2 42 

11 -48 -10 27 -10 8 -15 5 -21 -46 37 

-12 -5 -1 48 49 9 -42 27 49 -41 -5 

-14 -30 -2 -2 -4 48 -30 44 40 31 -2 

32 8 -10 42 -4 46 -29 0 33 -39 45 

34 -41 -4 -6 19 25 -7 29 23 -19 1 

-29 29 -1 -31 1 -7 11 35 -6 45 45 

34 -11 -9 30 10 41 -34 21 -11 -50 -17 

35 46 -48 -37 -11 -17 36 20 -13 -43 -49 

36 29 -45 32 42 40 -24 -10 35 12 29 

-23 45 -10 20 -39 13 -41 13 -2 -3 10 

-47 10 1 -14 48 24 23 -45 -23 -38 -14 

-18 44 31 -28 -30 -29 10 32 -50 -11 -21 

42 -41 -10 -42 21 6 6 20 18 -39 32 

21 -2 30 -5 23 -13 23 35 24 7 -19 

5 -18 -47 -22 42 -12 30 -19 17 23 42 

10 -17 13 -34 -9 -17 -14 3 -35 -43 -49 

-3 -45 -24 35 -20 14 -39 37 45 16 21 

49 -4 13 -13 -24 -4 -46 49 41 14 34 

4 -18 -24 -10 -30 29 -43 -22 -18 -43 -17 

8 42 -35 24 -47 4 20 -29 -24 -29 17 

-9 -40 43 38 16 -5 -19 33 31 -13 17 

-43 27 38 36 -13 -34 -32 -6 -49 -21 38 

-34 -47 41 20 -25 -38 -2 -4 -19 40 -42 

26 -20 25 23 11 8 5 48 -25 12 -22 

15 -49 -33 31 -31 -37 -16 -50 -49 -48 -46 

42 -25 -21 6 23 -22 37 13 -14 -35 -5 

13 39 -44 23 46 -45 1 8 35 -34 -39 

-48 48 33 -35 34 33 -34 37 -11 10 -38 

19 -34 -13 -1 5 -49 -13 20 -4 -49 -39 

-45 -24 -43 12 27 -32 -3 44 -21 -49 -6 

-38 -34 -22 46 34 17 -15 46 -19 6 -38 

19 7 -31 -28 45 -9 -30 -2 3 -25 24 

-38 -11 -46 -20 36 48 10 -11 44 22 5 

24 -30 41 44 -42 37 -25 -34 1 44 -24 

-28 18 23 14 39 -29 19 16 -3 31 -44 

1 -38 -6 -49 22 34 -3 46 41 24 19 

33 18 -21 -28 43 47 -24 -10 -27 -2 -42 

46 -38 -1 19 31 -34 19 13 24 -30 -23 

20 24 1 4 -29 -3 48 45 18 31 -35 

-1 5 -41 -3 31 -49 20 -20 -41 -31 44 

-39 -10 -22 29 -41 41 -45 32 20 25 6 

-29 -20 -21 -30 -22 27 39 11 42 -12 18 

3 -13 0 4 -42 -18 -34 29 -24 29 -31 

4 8 -21 47 13 -39 17 -12 -31 38 -30 

b( 47 x 1 )
-50 11 -50 27 0 -37 -28 -10 32 -23 28 -18 32 -12 14 0 19 -8 -21 38 47 37 19 -4 -48 -18 -36 42 -47 4 -37 -46 -35 -37 -17 -33 -23 5 8 11 33 38 43 -33 -24 -41 17 

#2
A( 46 x 4 )
-2 -15 -50 37 

7 -3 39 -9 

-37 31 -5 17 

-4 -1 -15 -38 

-16 2 41 40 

12 2 -25 0 

47 -8 -22 8 

11 25 11 11 

13 12 -2 -30 

11 39 -37 -24 

20 8 -5 19 

9 30 31 44 

35 22 -14 -3 

26 -37 0 23 

-43 28 -19 18 

-44 42 -21 19 

-44 -21 -9 -31 

-32 4 -5 -10 

15 -7 -41 26 

-27 -8 -28 10 

-36 -40 10 40 

-27 -40 -35 -20 

-10 -4 0 -4 

41 -19 -35 -1 

10 -42 -29 -20 

13 16 21 30 

11 30 6 -13 

25 29 47 39 

39 7 -18 15 

-31 49 45 10 

-4 -4 -44 39 

-21 24 40 40 

32 -39 -30 47 

-20 -7 -21 41 

26 36 -22 1 

-33 28 -10 8 

-15 -26 -27 5 

-26 21 17 -28 

19 -25 13 48 

49 3 -10 -16 

15 -37 33 45 

6 -37 36 -18 

1 -35 33 18 

43 26 28 30 

2 4 37 26 

-25 4 0 -4 

b( 46 x 1 )
-18 -37 -6 -19 17 -13 -33 -18 0 -49 29 -44 16 15 -11 -33 -18 24 -13 27 0 -35 8 -47 19 47 -19 -4 -46 32 42 -14 -3 39 -31 -36 -24 -13 48 26 40 27 -16 -42 45 -25 

#3
A( 26 x 28 )
-50 12 -45 -48 -21 -35 -45 49 14 39 47 18 21 40 6 -32 -19 26 35 7 15 -15 35 -43 -37 21 -35 10 

47 42 37 47 4 -6 49 -15 9 7 36 -26 -4 34 -6 19 -24 -49 -11 7 -21 26 16 44 -38 -47 3 27 

24 -30 -13 21 -38 -26 -30 -32 -29 22 3 30 -21 -10 6 -23 26 -49 -2 -48 4 37 9 33 14 27 -21 -22 

30 32 -45 4 4 44 28 16 20 48 34 41 -28 39 22 -47 31 30 -20 7 31 28 9 37 -32 20 20 -16 

-3 49 12 29 -17 -31 -16 37 -37 14 -45 33 12 -9 -23 -13 -19 49 -10 -38 -19 21 -28 15 -49 31 2 21 

-46 -27 -45 -47 24 -31 33 -42 40 19 -3 -47 -17 3 -11 -3 -4 16 34 27 -33 -25 -8 -2 -2 14 -37 -49 

47 16 23 3 -9 -20 7 -35 -48 -10 25 42 -41 25 46 -8 30 37 -9 -24 -45 -24 -46 -28 -47 48 -28 1 

-36 38 -46 13 -44 27 -33 -3 10 24 -36 12 -36 -8 4 25 -33 -48 19 47 39 -40 -27 44 38 29 18 41 

27 -7 44 -7 -19 49 -43 39 -22 -26 38 38 0 -48 0 -34 46 7 41 -37 9 -38 12 -49 24 36 -3 13 

-33 18 -44 45 -39 -49 40 44 2 47 -15 30 23 -27 -29 25 27 -27 41 24 30 -16 37 42 -4 0 43 -29 

38 42 34 -45 10 -8 2 21 45 -7 -33 -3 42 2 30 -32 25 -49 43 -45 26 35 29 -41 -31 -32 -49 -32 

-30 -4 -11 -42 40 25 16 1 -33 20 24 -37 -37 42 10 8 46 42 -22 -26 -5 -29 -21 -28 8 10 33 -20 

28 -14 -2 49 32 37 9 -26 12 27 25 -19 -2 0 -6 -37 44 7 -27 40 -1 1 16 45 23 45 19 33 

5 2 -37 36 38 11 -13 -28 -50 46 -4 12 -24 24 -4 24 26 40 -11 20 49 13 -38 -1 -36 29 46 -11 

-24 -33 -27 32 -29 -14 -30 11 0 7 -15 0 -45 -17 15 -19 -43 -39 7 33 3 47 3 3 -38 -32 4 -24 

-1 0 16 25 -31 -9 -41 -10 -21 -21 -49 29 36 -14 32 42 19 -3 -27 -21 -40 -17 -38 13 32 -32 18 44 

-14 -28 -30 35 22 -12 -38 -7 -19 -28 33 11 1 -14 42 -12 -26 24 32 -4 23 7 25 33 40 -11 49 22 

7 17 16 -5 40 -11 32 -36 -21 45 8 11 19 43 -28 -30 -20 -36 -40 4 -9 -6 2 -36 -48 -23 48 42 

17 47 -33 26 -34 -15 -28 -44 -24 6 23 6 -47 33 -33 22 26 41 -5 8 7 -43 -37 48 2 -33 -37 4 

-5 13 48 14 -38 17 -10 -22 -47 12 37 -21 21 10 -13 24 -7 4 -3 21 47 -6 -20 5 1 45 -45 -47 

-38 -32 7 7 31 -42 -29 -5 25 -36 24 -20 26 -37 10 49 23 47 24 18 -46 23 -11 3 -33 -29 10 18 

-34 16 22 -21 34 31 -12 -32 -9 -38 13 -33 -24 39 -3 -48 -48 9 4 -23 -41 -22 45 15 -49 37 -32 20 

-42 29 -12 -25 47 12 -44 -17 46 -6 1 -13 6 17 -44 32 6 -44 -13 9 -33 41 36 28 21 -16 -7 22 

23 -36 44 31 -5 -18 8 -8 -3 14 25 45 11 29 34 -33 -4 41 2 4 -1 39 -37 -32 -18 2 47 -47 

-12 -10 -23 -39 -44 -29 -6 1 -45 -47 -5 2 -31 -29 -3 -18 -50 -18 0 48 25 4 2 26 -7 -32 44 -23 

20 41 -20 10 34 7 21 40 28 17 -8 33 -28 37 38 -8 10 -15 24 -38 -31 26 -40 -4 -20 13 -28 -25 

b( 26 x 1 )
31 -33 2 -47 -42 32 -35 42 41 36 -15 -29 -45 27 7 -22 -34 -5 -28 27 -18 -2 -9 -46 -25 2 

#4
A( 1 x 8 )
17 23 35 -50 40 -13 -47 0 

b( 1 x 1 )
22 

#5
A( 19 x 46 )
-35 6 -20 -13 11 9 44 -9 25 41 13 -46 -27 -38 -4 -23 39 0 -20 -2 -33 -47 -17 -33 43 -27 22 45 -3 -8 40 12 0 -30 1 13 29 47 -45 -43 38 18 -39 14 -18 -41 

-7 23 9 23 -28 -22 -22 -43 -5 23 -20 19 19 -21 -39 9 42 11 -18 45 27 13 43 32 20 -17 -48 -16 -1 37 45 -5 10 -43 -32 32 -15 -3 -8 -17 -30 22 -48 -9 -48 16 

3 -4 29 35 43 6 -50 -12 40 -27 22 43 7 23 30 -46 -32 -10 -39 39 25 -3 38 -33 30 -42 -9 -16 -48 45 2 5 43 -18 42 -11 -10 42 27 -19 17 -49 26 -26 25 -42 

-21 -5 -2 42 -16 25 -11 -28 -6 21 33 -12 8 35 -17 -40 42 29 44 34 -32 -15 -22 45 -32 46 -1 44 22 -26 -48 3 -29 -48 -4 6 -20 35 28 -24 -41 11 14 -31 48 0 

-21 40 -21 26 24 49 -39 5 -4 31 1 45 -23 -27 21 -21 27 43 33 -27 -1 15 10 29 42 -29 43 6 -10 41 -44 -28 -16 37 48 10 -12 11 -35 35 -8 16 -18 19 -8 -46 

0 21 -1 -17 -4 0 49 8 -21 41 30 24 49 22 -32 8 44 2 47 42 -38 -14 -45 30 23 -3 -4 -45 -34 -10 11 -32 -39 -40 2 7 -38 -47 18 -8 -4 -2 18 -5 22 36 

5 17 -12 3 -39 -47 -9 19 33 -36 -34 31 -31 35 -28 -17 -47 35 45 -43 45 -42 -40 13 -48 6 13 20 4 -15 7 -41 4 45 12 -32 48 -47 37 31 -33 5 -35 39 -10 -13 

24 -6 -28 19 -47 19 27 -36 -18 29 20 -3 -48 26 33 9 36 39 4 -2 9 -45 -46 -4 -12 23 4 3 -36 44 -8 38 40 -33 -40 44 36 -11 10 21 21 32 -32 23 9 3 

-18 -5 45 -12 -5 4 -7 -1 3 -16 -27 -43 -11 39 3 32 28 46 49 -10 40 35 29 -48 -42 0 34 -23 -27 -7 -18 -43 38 -23 -4 -16 -16 -9 33 -11 25 8 -4 -35 -2 1 

-1 28 -3 -2 -32 39 35 47 41 44 -50 26 23 25 -31 7 33 10 -13 -21 44 21 -28 -21 -40 0 -10 -42 -33 38 9 16 -32 9 16 -14 -2 1 35 -10 47 35 18 -28 11 37 

30 46 49 19 27 43 42 49 25 -48 -1 -35 12 -32 5 23 34 -25 -18 0 11 31 4 48 23 -47 34 -9 -24 47 30 8 43 30 29 20 -25 21 -29 2 -25 -27 -31 37 -9 24 

-38 28 49 -5 -22 -38 28 -16 -39 1 -12 -3 -6 -34 46 26 -24 -9 6 -45 13 -16 26 -14 -12 -49 9 8 -10 -49 34 2 29 -14 -1 9 -2 -23 -4 -39 -20 -14 -40 24 2 8 

1 -20 1 9 -15 -36 -5 13 1 34 -34 12 -8 6 13 -24 10 44 -36 -40 -44 13 -13 2 -24 18 -10 39 -8 -6 -3 -5 24 49 7 11 15 -48 -26 18 -12 -10 -19 30 -2 -4 

9 -42 43 23 -32 49 38 -42 -47 17 26 -7 6 20 37 5 18 -37 -44 -25 24 -26 -23 48 42 16 40 25 48 -12 -28 -41 48 17 -15 19 16 -27 27 19 -8 3 14 48 25 -47 

-44 -7 -34 14 18 40 -10 -2 -10 -17 16 32 10 -34 22 -16 28 20 -49 -37 41 17 -14 18 38 29 23 -46 -21 -1 -43 37 -6 25 -46 15 -33 -6 15 -41 -21 -19 41 40 49 -35 

-26 27 -12 28 40 -21 47 29 48 -12 -40 21 -8 41 22 -48 29 -33 -21 33 32 -3 29 -3 6 -41 -20 -50 49 31 -35 25 9 3 3 -49 33 -47 30 -17 -9 -8 -46 -15 -16 -21 

39 15 -4 -31 -50 -22 16 29 -23 24 38 7 -24 -11 -12 -8 -35 -1 -3 -30 1 32 25 33 17 -34 28 -26 2 -38 3 -9 -21 49 -38 -21 29 28 10 -44 -45 -1 13 -19 -10 3 

-25 -43 -47 23 -22 -44 -43 5 -9 25 22 -31 49 26 -19 2 19 10 -47 32 -9 32 -38 -48 38 -33 -47 -47 -49 -7 6 -24 1 -39 1 -19 -33 9 36 9 36 8 28 -13 36 12 

39 6 24 42 40 -34 -24 -48 20 -36 22 23 -33 23 -34 -25 49 -31 -13 1 0 4 12 -13 15 -2 -3 -6 -13 36 8 -24 -8 -18 20 34 -50 -2 36 20 12 8 45 -19 -19 14 

b( 19 x 1 )
-42 33 33 -5 36 -16 2 -2 -27 19 -2 -28 15 35 -42 -27 13 -48 6 

#6
A( 36 x 37 )
-42 -17 -25 29 -3 33 24 28 17 -12 -12 0 24 34 -14 10 38 -14 -15 7 34 7 25 -29 -32 48 -14 22 -44 -29 -39 -35 4 -14 -4 3 21 

22 -19 40 13 -29 -10 -13 7 -22 47 -5 14 -18 5 -50 -9 -20 23 -39 30 -41 -14 -11 -20 -3 4 -14 -15 2 39 -44 -26 22 -1 37 44 39 

26 1 20 -25 -1 -16 -41 6 37 1 -12 10 -36 -32 -28 0 7 2 -1 13 -9 34 17 -20 -7 42 5 42 -19 -1 -17 10 2 -47 35 3 40 

45 -41 27 48 -3 39 -38 -32 -39 -35 -23 -34 14 -7 7 -1 -40 -11 -6 4 44 -14 -12 45 -29 48 -50 -25 -15 3 -35 -20 -35 -6 30 12 35 

43 -18 -1 10 -38 15 -26 5 24 -25 15 -37 19 22 10 7 -40 -43 29 10 -43 6 45 11 -27 -24 26 -31 -44 40 -46 1 25 3 -39 37 20 

-14 -8 -6 -37 9 -40 33 33 -28 42 43 -21 -27 3 -13 29 -1 0 4 -23 28 23 35 -30 -20 -13 45 -15 -50 -16 8 38 -22 4 -48 -10 14 

-13 -27 36 -21 19 18 -45 -28 7 -14 -27 -43 41 -48 -13 -34 38 7 48 27 -45 -16 27 -11 42 -32 18 -4 -30 -42 13 7 -19 -49 -12 2 19 

45 25 -24 -18 0 35 25 -45 -28 -7 43 -18 -8 -28 -13 -22 1 -22 22 19 46 20 -9 6 -17 0 -10 37 -9 42 -42 -14 -31 37 18 20 22 

45 25 -3 -11 -30 29 -17 44 18 11 -5 46 -17 17 43 5 -42 -49 -9 9 -9 -22 -50 -16 38 -14 3 25 7 25 -2 -46 0 -3 -7 -28 -24 

-22 -34 -4 39 -36 -8 24 31 37 32 39 39 -27 -2 -20 1 -50 14 -11 -13 20 17 -4 -5 -35 0 -2 -36 -4 20 42 24 -11 -12 -34 -45 30 

-8 36 18 -26 -23 -41 -3 26 -11 0 -22 6 -8 15 -24 11 13 -27 26 -36 21 -8 -38 -8 -16 36 -17 22 4 -12 2 47 26 22 23 -47 -17 

23 -19 -25 25 10 31 19 27 9 -20 -9 32 8 5 4 -50 17 -2 -16 -45 -17 8 -38 -27 13 11 49 37 -16 -48 -29 9 36 -4 -15 -4 29 

6 25 40 37 -34 -26 47 -27 -20 0 -8 -20 34 -50 13 45 -38 -12 8 23 -13 -5 -43 42 16 -31 28 14 -44 26 45 12 1 35 -49 -30 -40 

49 -7 -10 -49 -12 -27 35 -12 36 -18 0 -25 40 -27 -36 -14 32 8 4 -49 38 -31 -43 14 -36 -28 18 2 -27 38 -36 24 33 4 -23 -29 -21 

-37 9 -34 47 11 43 38 34 9 -26 -31 -32 -20 -30 -44 -49 30 -27 18 4 41 -30 -21 -19 -16 6 16 -10 33 38 20 -2 49 -12 -4 11 33 

-16 47 -8 -40 -34 10 -10 39 17 44 -29 40 12 25 -17 -16 -46 -34 18 10 32 10 -6 -28 32 -6 -28 -30 40 -15 -47 -26 -18 -4 36 -1 8 

29 -12 27 23 9 -31 37 36 -46 -29 40 -30 -9 -47 -47 3 49 27 -14 -7 49 -42 -16 -16 -38 -40 -31 -40 -1 18 -30 -22 8 48 3 19 -33 

-10 5 -28 -37 47 44 4 -50 -1 9 1 -23 45 -3 28 -46 31 -37 18 -7 34 -20 -6 2 0 22 12 -50 -25 -19 -32 -33 36 42 -20 -15 36 

-14 38 -14 46 -11 -35 41 36 43 -3 -31 8 17 -35 -8 47 9 44 -50 -18 6 -50 -41 -11 20 29 27 12 -41 -37 -49 48 -49 39 44 42 -46 

-13 29 47 -13 48 6 -46 15 48 -48 -25 -5 4 -41 3 4 20 43 -25 -1 -28 -11 -39 -15 -10 -41 38 -21 5 31 -17 -6 10 33 31 -40 -11 

36 26 39 -10 3 -16 44 12 -10 -50 -18 -17 -25 -16 5 15 -5 -7 7 -44 -19 -11 11 -38 22 -45 -26 -43 -11 37 48 27 13 38 19 -34 24 

13 -20 -36 -35 12 49 -9 -2 -43 8 43 0 17 49 -17 -44 -38 48 -19 20 -28 -12 -41 -41 -13 36 -26 -25 5 42 1 20 -28 16 35 -13 -33 

28 35 -26 38 -19 24 6 -20 10 12 45 8 -5 15 -18 34 24 -8 -29 -38 -32 48 -31 -39 -1 39 35 17 -24 -28 35 7 10 -41 -5 41 -14 

3 23 -2 18 18 -44 -37 -17 -12 -1 9 -18 -28 -27 -47 -30 -8 -36 -28 33 1 -9 12 24 -24 21 36 38 18 27 26 -28 0 26 -8 21 32 

-43 6 22 7 -34 7 29 41 10 2 36 -24 -24 19 27 17 33 -47 -4 4 39 36 -27 -32 -36 47 -29 40 -11 42 -26 -4 -2 -2 5 -34 -45 

-15 -42 -33 -11 44 45 15 -35 -25 34 49 30 -20 -45 20 -34 -22 -10 32 27 11 22 -34 3 -2 -35 4 47 -28 20 -48 7 -20 22 -2 -26 17 

-37 42 -6 48 -7 -25 30 -2 -3 -1 -21 37 -19 8 -49 6 25 -44 -46 -8 10 -49 14 33 6 24 -37 -22 -28 40 -3 38 32 42 -12 27 -33 

-32 -25 14 17 -44 -47 1 15 -46 -43 42 -39 -39 36 -27 15 -48 -44 -29 26 -30 -49 1 -40 -2 -11 -6 42 -21 -29 11 -3 48 -25 17 7 31 

-32 -28 35 27 16 -2 -10 2 22 -45 4 28 28 33 0 29 -16 -38 -22 -25 6 22 -44 -21 -16 -45 -22 -39 22 35 42 -8 9 -20 21 27 28 

-38 31 -48 19 37 -17 -2 20 -15 -23 6 -2 -43 -17 6 30 -11 36 16 -5 16 27 19 -47 -28 14 -36 2 -15 41 32 49 22 35 19 9 20 

19 32 -45 46 -12 3 6 -26 12 38 -35 -2 4 -38 16 33 -16 19 -45 48 -15 7 35 -24 -10 35 0 27 -44 -41 49 25 -7 -46 -27 -16 -40 

-19 8 22 -31 -25 22 -25 -12 -12 -41 22 9 -36 -28 44 -26 -43 22 -34 -6 -28 43 -48 33 42 -21 -23 -2 3 11 8 34 21 -20 6 -2 -48 

31 36 -10 40 -40 1 7 34 -5 31 -6 -33 47 38 41 -8 -7 25 36 22 4 -16 27 17 43 12 40 25 -32 -12 28 1 27 20 -8 -11 24 

49 -26 -31 -18 18 39 -21 -42 -18 21 1 -43 -41 -26 11 -7 3 30 38 -35 20 14 35 -41 44 -13 -12 -34 -19 27 40 32 -49 12 -36 -29 1 

-7 -20 33 16 -17 -7 25 -41 6 20 13 -13 9 -20 9 25 -34 -30 -29 -45 8 -13 38 -14 -22 20 -13 40 -14 9 43 -19 -9 -22 47 24 -27 

-26 34 30 44 -3 19 -45 27 30 -18 -5 -49 3 -48 9 41 40 45 21 -38 35 -37 -2 46 -44 -19 -13 36 -22 -39 -40 -46 -3 -8 1 -4 13 

b( 36 x 1 )
-42 -26 -7 -9 -29 -6 44 -26 6 -13 16 1 10 -19 -14 23 29 -18 -19 -39 -29 -32 41 35 30 -2 -18 -28 49 29 -13 -43 5 -18 -50 26 

#7
A( 30 x 48 )
2 35 -14 -31 38 47 0 27 20 31 -41 -48 -6 33 -30 38 18 2 -14 -50 -24 37 -19 13 -4 36 -3 49 -35 26 -4 17 11 32 -12 -48 -19 -10 29 -48 24 -10 6 20 -27 -22 8 41 

30 -4 -6 -44 -17 -23 -29 -18 -36 18 -19 31 -5 -21 -50 8 -39 41 10 45 -19 41 47 7 -18 3 -22 5 31 36 49 -37 35 45 -31 20 -28 -10 -48 38 -42 35 -29 -45 -36 -28 -34 28 

-37 26 23 46 18 -28 4 2 25 -16 -43 -42 22 8 23 7 3 42 -22 -22 34 32 18 -6 18 40 0 -16 -38 16 -38 27 44 -13 23 -36 9 29 16 -16 -37 -24 44 36 34 17 45 40 

-39 -27 20 45 8 -12 42 28 -22 44 -38 -10 10 27 -33 -44 -36 -7 23 24 -28 -11 -42 38 15 5 -24 -48 24 -29 -6 36 47 -36 -17 5 2 -25 35 31 -31 47 -29 -19 24 41 -12 39 

-16 -39 13 -42 -48 -27 46 -30 -20 -28 -28 -45 46 16 41 43 30 26 -50 -18 -48 35 15 23 32 37 -45 -41 -20 45 0 14 8 -37 -26 10 38 23 -18 -31 45 4 -26 -7 22 17 -14 -46 

-7 38 39 47 23 4 21 -42 43 26 19 -27 -27 -31 -11 31 34 14 43 22 -13 28 -7 34 -18 -31 -22 7 36 -34 -37 32 7 4 -19 32 -41 -48 40 4 -20 9 -20 -45 -20 19 36 -36 

35 -18 37 -28 -40 -20 9 44 0 -11 -47 38 -43 -33 -28 14 -27 4 -3 34 6 39 -11 -11 -49 19 -6 -19 40 33 -4 26 17 35 0 27 -35 -41 -27 -33 -50 -23 -44 -42 46 30 22 21 

-16 21 6 -7 11 45 -16 12 -34 28 43 -44 -37 41 -16 30 26 35 7 -6 -4 -17 11 -3 -38 -31 5 10 -50 29 -19 36 -47 37 -21 14 -16 13 28 0 44 -27 -41 -43 -35 -7 38 -7 

30 47 37 -23 -20 -49 24 44 -30 31 4 22 -38 36 9 -35 23 -10 29 10 6 -41 -40 0 -17 21 -41 -50 -35 47 -7 45 -3 -19 -28 -21 -18 -2 -26 -46 31 28 27 44 -34 38 -41 40 

30 -9 0 -14 -48 -38 -12 -15 34 -50 -15 1 -1 29 -4 46 12 -29 -24 44 -29 -48 0 -47 30 -23 -1 47 17 -40 -11 -2 1 -9 -14 -44 -45 -23 -9 -9 -23 -21 42 26 -42 41 -25 20 

-38 1 -34 35 -45 16 38 -13 -4 -13 -16 15 -50 -25 -37 -47 -32 -48 -41 26 -21 1 -33 -42 30 -40 34 -10 -49 -41 12 15 -38 28 -48 -33 46 41 5 44 30 -9 10 30 -31 23 34 39 

-23 -5 15 -42 46 33 -34 -22 -5 -49 18 48 12 -20 13 25 10 15 -6 7 -42 1 1 -9 -5 13 23 14 39 -41 3 -34 5 -31 -25 1 4 -9 -18 49 44 -50 47 7 33 -38 34 45 

-21 30 -46 -12 -18 6 -19 27 21 -46 43 10 16 48 27 -29 -33 -48 -26 -27 45 6 -28 40 -41 21 49 -6 33 -15 -11 -37 -35 -6 -47 49 2 -16 -22 -27 40 -29 34 6 -30 11 -21 39 

-35 4 -37 12 12 37 -46 21 9 -47 -35 -8 -12 -43 -43 4 1 -40 -45 -47 46 -16 -24 -11 5 12 45 -23 25 27 19 40 -19 -16 -45 43 -29 -41 -33 -18 -37 34 -23 -47 41 -16 -41 44 

47 -35 47 -5 -1 26 34 6 -12 -18 34 -36 -41 -45 6 -10 -11 11 35 10 21 4 -5 -14 -11 22 -11 32 8 -1 27 5 -34 -24 -49 15 -48 35 23 43 -33 -41 9 -24 -36 17 -32 3 

-21 6 16 2 -40 -39 -10 -49 33 29 34 -9 30 -37 -1 46 -11 0 -37 44 37 37 37 7 46 48 -15 -39 15 -44 14 -4 12 32 0 22 43 40 -24 26 -28 -40 20 -48 25 21 1 -36 

-29 14 10 10 -47 49 19 -50 47 -45 13 -35 -39 29 11 -25 12 -38 -1 5 4 25 34 26 -13 -44 -19 -38 27 32 29 0 -4 -11 -40 0 -11 -18 -48 38 -13 15 -47 -50 -6 -33 27 -44 

31 -24 -36 -15 4 48 14 41 6 45 6 -17 27 37 33 25 28 -5 27 -33 27 29 8 16 46 -37 -32 -9 -20 -3 49 -39 24 15 49 -22 -35 -35 21 21 -40 29 -46 -11 16 -11 -36 -5 

35 -6 -36 -36 -27 22 -17 -30 36 -47 -37 18 1 14 -18 27 -20 33 7 -5 48 -22 -33 -42 -42 23 -3 24 -37 -37 21 0 7 36 -34 -17 -40 -49 -45 -2 7 20 -33 -42 -16 -49 35 -34 

34 -8 -36 32 -28 33 -8 32 6 -9 -41 -29 4 30 -27 14 16 42 47 -21 43 -48 27 0 22 -4 -40 8 -3 -3 25 -19 -9 -9 -37 14 -26 -43 -4 30 -2 -43 4 5 38 27 -31 -44 

-29 18 -15 -35 20 15 -33 44 -39 -22 -46 9 25 -19 40 -33 22 6 -17 46 -35 -19 -21 14 -11 33 -31 29 -38 40 -13 -16 8 23 -49 30 40 -32 -24 -49 48 -20 10 -24 -36 -47 45 36 

-39 -22 33 -24 -39 14 40 -48 -3 11 31 -39 -47 21 47 -37 -6 0 43 36 19 21 37 -31 4 -50 -5 18 -47 -10 4 -36 -30 39 42 34 3 33 36 2 46 -30 -34 2 41 -37 15 37 

14 -39 23 35 32 -38 -46 38 -38 -48 6 17 44 13 -17 17 2 -24 1 8 11 39 -40 -41 -41 -24 11 2 42 -23 41 6 -12 -34 43 22 -21 -1 11 43 -47 19 11 48 -18 -4 15 -13 

-26 -34 -3 -13 -45 7 -3 17 -14 10 21 -22 37 13 -14 27 29 -21 -48 10 -20 -35 4 -16 34 17 -18 19 15 -1 8 40 15 -45 -23 -28 -36 -24 -9 0 37 -37 28 24 -22 -36 -46 -43 

45 -44 -30 28 -29 -24 -38 7 -5 46 28 -40 -5 -14 2 12 43 -18 -14 -42 8 28 8 -5 -7 39 22 21 5 -22 -20 1 -16 0 31 -43 -22 43 -34 23 39 45 -14 36 33 38 -2 27 

-30 -14 35 29 -36 45 26 7 34 -50 30 -10 -22 -39 -7 -36 11 -26 23 40 19 40 -35 -40 -13 1 46 -30 -10 46 47 -38 -18 -16 -7 49 -20 -30 -42 16 -30 39 -44 -49 -50 -49 -35 -37 

27 39 5 -4 29 21 6 -34 -28 2 38 -36 -50 -12 -23 -17 22 -28 34 4 -8 42 23 -35 31 29 -34 31 -17 -19 -3 -40 -30 -48 7 1 23 15 -31 -2 20 -42 -36 20 -4 43 5 20 

-34 -11 27 -40 -18 0 -25 15 31 43 49 -36 27 -4 27 -1 -2 36 -49 24 1 22 24 -29 -18 38 -6 28 32 49 -49 0 -11 28 10 -27 30 36 38 11 -19 37 -22 -42 35 7 8 -16 

-7 -39 10 -4 33 -16 18 -34 24 -38 -4 -42 13 49 8 4 -21 -31 27 -41 7 -32 -27 38 7 1 47 -7 -42 -43 -21 -47 -32 39 -1 3 25 19 19 -1 -17 18 8 47 17 18 1 47 

37 31 -44 -6 1 31 35 -42 -18 -16 -47 42 -9 34 -3 -39 -25 47 14 -50 -32 36 -48 2 4 -38 -49 23 30 -46 20 -30 35 -21 14 38 -40 -49 47 45 -15 2 37 -22 39 37 -11 -36 

b( 30 x 1 )
-14 6 17 4 -8 -29 8 -2 -17 9 -29 15 -34 42 35 3 23 -48 -8 33 -47 41 28 -11 -7 -32 17 -18 -45 9 

#8
A( 50 x 44 )
-35 16 -3 7 37 8 7 22 19 28 -13 35 -28 -27 -11 45 -25 31 29 30 22 -41 -31 17 -23 -11 2 34 48 1 27 -37 19 27 -28 6 -15 29 -22 -46 7 -33 -8 30 

-10 31 -23 -33 -36 -44 48 36 18 19 -45 45 -42 7 -18 -44 -42 11 21 -21 -12 43 35 -25 22 15 32 -20 33 -26 12 25 -45 39 -5 21 -2 45 7 -34 14 -36 13 -25 

22 45 33 -18 -41 5 12 -3 -2 49 23 -29 15 5 -47 -50 -19 15 -23 38 -44 22 9 -44 17 18 24 34 32 -12 11 -44 35 -6 -11 44 49 3 44 -2 2 -31 -29 19 

-24 -26 19 7 -9 47 -5 -3 -29 -46 -44 -9 -26 30 27 -44 -32 -12 -37 6 -16 -46 -48 -16 7 46 -16 11 -35 5 -19 -9 29 2 0 -30 -49 45 -31 -27 1 -25 -34 25 

8 43 -16 26 33 49 34 -33 -47 37 1 -38 -15 -13 23 1 42 6 -6 -27 -41 45 45 12 -8 17 -13 -4 -6 3 23 -48 -4 -43 -19 31 -44 -35 49 11 4 -48 23 40 

-10 -3 43 -18 5 -13 -42 -34 34 -47 29 29 -28 -34 -25 17 20 0 19 18 8 -50 0 -34 18 -49 28 -28 -47 -47 14 -7 -48 7 -22 8 -3 38 24 -19 41 -45 12 -36 

-28 -11 -17 -6 40 -48 14 -2 5 16 -34 -27 17 -4 47 21 0 12 16 2 -31 -4 12 16 -16 -13 0 28 -8 -38 -6 -34 2 27 10 -8 -19 -25 -8 36 41 -40 -41 -39 

7 -43 -16 -43 19 2 -39 -10 49 24 -43 35 13 -41 13 -45 -29 9 24 -25 -14 -16 -31 18 -39 -37 -44 5 -26 -34 16 31 25 -50 -10 46 2 1 -14 -47 27 45 39 -10 

-46 -46 -4 -24 14 -30 -47 2 -44 -27 22 -32 38 29 23 -38 -3 41 -5 -28 41 35 -32 45 39 -44 49 16 -48 -10 -43 -44 -6 -45 34 -42 27 -10 -37 33 -35 35 3 -47 

14 28 -34 -39 19 11 35 -38 49 5 10 38 12 -39 4 -34 1 -37 -28 45 -32 9 6 45 49 19 -19 -36 -44 -14 -33 21 -35 35 -16 -14 49 -30 -49 48 25 11 -12 39 

22 -6 -45 -27 8 30 20 26 -11 28 -26 40 49 -43 -46 -44 -7 23 27 8 9 13 -3 -40 33 -2 -42 -39 -41 48 2 -17 -8 8 6 -50 40 28 -21 -21 7 -45 -31 -42 

-38 25 -36 5 -2 -7 16 9 -43 -37 19 -8 -37 -21 3 -28 -23 -44 5 -28 -34 13 24 -44 43 -47 37 -48 10 8 -39 22 35 -25 30 35 -29 48 -5 -22 13 16 20 26 

-2 26 0 -23 -16 7 -1 0 -30 -26 -42 15 29 45 18 42 -45 29 14 40 6 46 25 27 44 22 7 7 -11 30 35 -11 -42 -15 16 -8 42 -34 -6 14 42 2 -20 -27 

49 48 -35 6 -21 -18 -4 -13 -22 -29 -35 25 44 -26 -18 35 6 20 -26 14 -45 40 -44 48 8 -48 -36 -48 4 -6 -24 -45 44 43 11 -27 -25 -43 11 4 31 -22 31 -23 

-46 15 -38 11 -15 38 -25 -9 -20 -18 41 39 36 -45 -7 -9 -48 19 48 46 13 -38 -30 -10 21 -17 -4 2 11 -23 -19 15 43 45 -24 -22 33 -46 -29 -36 -14 -38 5 -28 

20 48 -35 22 -30 16 -30 -15 28 -10 25 -49 -25 -28 -44 36 -49 -13 -46 44 -17 32 25 -34 36 46 32 24 11 -13 -1 33 38 14 5 -42 32 -23 -7 -38 -30 20 -36 -5 

-6 -30 34 -4 7 38 42 -8 20 17 -39 7 -34 43 -19 -21 33 30 -38 -27 47 -31 -19 -19 -4 -24 -6 16 -2 8 -38 43 -20 -2 41 37 -14 33 32 8 -47 43 17 -31 

-12 1 -2 -29 -19 -38 46 30 -19 29 -38 27 7 -42 46 -44 -32 10 1 -2 -42 -8 37 46 -25 19 4 30 12 -28 1 -49 23 1 24 6 13 21 39 44 -48 3 -26 10 

11 -30 16 29 30 -33 29 -10 9 16 -14 -14 -14 40 -33 0 14 -30 1 39 22 28 48 -15 -49 -11 32 -47 42 -44 13 -45 28 31 -14 -40 48 -35 0 -41 31 36 48 19 

-22 17 -30 -5 37 -27 36 -39 -49 34 -3 4 25 31 8 17 -11 23 -26 -33 5 -38 -23 -45 -23 -21 -35 11 -35 15 32 45 -18 -48 42 21 -24 29 33 29 13 32 -16 41 

13 -6 8 4 -33 -15 21 22 -3 0 28 -23 -19 -5 38 48 -40 -28 43 -8 -25 36 15 -47 -33 -2 -16 30 -20 -30 -27 -5 14 32 49 32 19 -28 4 -34 -26 34 -7 5 

-21 33 3 -11 -44 49 -17 33 -13 49 -12 4 -3 22 36 -20 43 -40 25 7 -6 -23 41 -37 -1 -4 31 24 32 27 31 -38 -38 -15 -47 20 36 39 3 -27 38 -7 -21 37 

18 -35 19 -37 27 47 20 -29 -26 -36 36 23 -38 18 -3 44 -5 31 8 7 18 12 -22 4 1 -17 -21 41 27 8 -20 47 -25 2 -40 5 -1 -18 26 23 -4 13 -4 8 

33 -4 3 -22 -23 -39 -13 45 -25 -33 -49 -22 1 -20 -31 30 -10 -48 27 -33 4 -11 22 -47 21 -49 26 -32 14 24 -22 49 -30 31 -23 49 -5 -34 44 -28 -16 -3 1 -13 

27 -28 19 19 -26 48 -11 -20 -13 -39 -17 -42 14 11 28 30 -14 -43 29 -42 -10 8 -42 35 25 4 10 11 -48 -39 48 -19 -17 -31 -49 -40 -33 42 -10 4 -47 -24 -36 -30 

-11 43 -50 -23 2 30 -14 42 -12 -6 -20 -37 0 40 24 2 -49 -26 34 36 -7 -13 -2 10 -21 -9 16 34 17 -17 -46 8 28 -45 36 -20 -13 -28 -28 25 -32 2 -9 18 

44 17 23 -3 42 -41 -16 37 -4 -16 -50 -23 25 16 13 44 1 18 3 -21 -25 41 -39 12 -37 -16 39 33 -12 -20 1 -17 48 26 30 -8 35 16 -21 -19 3 -21 -40 -22 

-2 24 25 1 44 30 31 -31 21 42 -17 -14 28 -28 -31 19 -45 -28 -48 5 49 -16 47 34 3 28 18 -44 10 28 36 -42 2 11 9 -4 -9 42 -33 14 -13 -48 -50 17 

-25 -31 -14 32 -8 40 -13 43 -25 36 27 -20 14 -5 -14 -26 26 -28 34 30 -14 46 29 -21 -10 46 44 27 1 -4 47 -22 -32 -17 -40 -38 -26 -3 -45 -49 35 32 -19 -1 

30 17 -24 -42 -9 12 38 -21 -40 17 9 1 -34 -45 30 17 -47 27 45 -29 13 7 -17 37 6 -12 -10 -9 23 21 -8 -45 40 -30 -37 33 33 3 -37 43 23 -26 46 39 

31 27 -42 34 -44 5 -44 19 -38 -11 -42 18 -20 -2 11 -47 21 -47 -42 11 -26 23 -5 9 -24 -40 -46 49 -16 -49 -10 -35 -20 -50 49 38 5 -45 -40 -31 47 -32 -11 -23 

-31 2 32 40 6 -8 -46 -18 -35 -1 -7 43 -39 -3 43 -5 -50 35 10 32 36 -39 21 43 19 31 15 16 1 -46 -5 20 7 -23 -37 15 19 -33 -1 -14 -32 42 -21 -21 

41 24 -24 42 10 -12 -24 48 -1 47 41 -32 -20 6 -14 -16 -37 -17 6 -28 10 19 -11 31 -12 38 -33 -42 -18 -3 39 -27 -29 -35 17 31 3 44 -19 -47 -7 -27 23 24 

-19 12 10 46 45 -34 20 -42 -12 -41 39 -22 -1 -43 -13 31 -44 -24 7 -23 -8 -26 11 -3 -32 42 -48 12 17 26 38 49 40 -2 -3 35 -34 -32 43 -44 29 33 -15 31 

-8 -26 -36 -2 -48 21 25 46 46 38 -6 16 31 -4 -22 -50 -28 -34 1 14 -34 49 0 35 19 45 41 -50 28 28 31 22 -48 46 -30 -45 -31 -2 -49 -35 -14 47 -16 19 

-6 12 20 -32 -19 23 33 49 -26 -17 34 43 -22 26 44 9 -44 -23 -19 -41 25 -46 16 45 2 -31 12 -10 -33 46 -40 11 -39 -18 29 -8 7 -36 -9 32 49 28 25 30 

-44 -29 -11 -38 -49 -28 23 26 28 -11 21 -20 9 -16 -27 -22 32 35 39 43 -33 -30 -15 24 -15 -21 -42 -16 -43 34 -36 -37 7 -45 27 8 30 1 -15 8 40 8 -9 -49 

-6 14 -21 -23 -49 -32 -30 -32 41 -42 -6 -24 39 -45 -38 46 -9 29 11 48 34 -12 -41 -34 39 46 25 -18 4 18 -17 49 34 13 28 35 -17 48 5 26 8 1 4 -3 

6 17 45 47 -4 6 -2 32 -3 7 49 38 3 -24 -30 -43 -4 -44 8 -20 -29 -14 17 -44 37 -28 33 -5 -25 -13 -5 32 6 -10 -19 -48 -1 29 -13 -2 -14 -14 -14 -9 

-36 7 -1 10 13 9 -8 34 -2 -41 40 -15 33 -25 -18 -42 13 27 -8 -31 20 24 24 21 3 13 -31 40 1 5 33 15 14 -18 27 29 -6 -31 -35 42 30 8 29 13 

33 -39 -27 -4 -9 16 -32 13 -10 -6 -16 43 -43 3 -15 8 10 -31 25 -25 -47 2 6 49 21 22 41 1 -20 -28 16 -37 -16 39 -38 -23 5 32 40 -3 -24 -26 43 35 

-21 30 -7 -9 49 -32 16 5 -28 -27 4 43 -3 48 46 27 -30 -36 -8 -44 5 -44 -17 -39 38 25 -40 16 1 -47 1 30 34 -4 -28 -15 -34 -10 -8 -12 -35 -1 33 -36 

-3 -19 41 -31 47 36 28 3 42 13 -34 31 -11 -24 49 -8 -20 -47 25 16 -1 -1 -49 -32 39 -6 -42 7 43 -6 21 42 -23 -35 13 -25 -49 43 28 43 7 44 -24 -2 

22 -24 40 -48 -21 -33 -30 -20 16 24 -50 6 -32 -41 15 13 -45 -14 -43 -18 1 20 7 -46 -34 37 48 23 31 26 23 4 -48 -35 -42 33 -17 31 -36 49 5 -36 5 -25 

25 22 -10 30 -41 -3 15 -38 19 -28 19 35 12 -31 -40 -7 45 33 -1 48 49 -40 31 -18 -7 -3 -19 48 -36 -11 25 39 -39 -35 -28 22 -36 37 -13 33 11 8 -29 -27 

27 -19 -31 22 17 -30 20 16 32 -46 0 -25 -47 -17 25 -33 22 -48 9 -14 -33 -17 10 33 -30 -1 -31 -17 -43 -10 -41 34 -27 -22 -41 40 -50 -19 6 33 -15 -44 10 41 

-10 38 -42 14 -8 -31 2 -38 2 15 45 -26 -36 -36 8 24 -44 17 -40 -20 -3 -31 -30 -3 1 27 32 -12 -15 45 -21 -23 -15 40 -6 27 -41 -2 39 12 -37 35 36 30 

1 46 -44 8 13 -34 38 12 38 -42 -40 41 -13 42 31 -25 -11 13 -46 24 3 -2 2 -36 47 43 -22 12 -20 -35 -8 32 13 -2 42 29 -33 -18 -9 7 -10 1 -50 -20 

46 31 -43 37 46 -39 12 -1 -38 16 -34 11 -39 -6 -27 -8 -39 -32 26 25 16 -30 4 -15 2 45 42 -6 49 42 24 -3 -24 31 -16 -28 -5 46 -26 7 -36 -10 -32 -24 

-14 43 18 -2 -39 46 25 -20 -34 31 15 18 -22 -40 -38 -23 4 -11 24 -18 22 11 5 -33 7 -19 -24 -26 -27 46 0 9 40 20 9 -49 -32 -16 -19 -16 -35 -1 4 46 

b( 50 x 1 )
9 -32 -27 15 7 0 48 32 -39 3 1 -30 -14 -20 -6 9 -24 -4 20 -34 18 -20 20 36 -34 3 22 34 -48 -24 30 -37 -5 5 29 4 -45 27 38 18 32 -10 -9 20 20 35 -21 -2 34 1 

#9
A( 18 x 3 )
31 37 41 

0 42 13 

-16 -3 40 

-36 -38 37 

-29 41 -9 

-23 -30 32 

-3 4 -28 

38 -26 -6 

-24 -45 42 

-40 7 -41 

-36 -12 -2 

-45 -10 -9 

19 24 -10 

9 -10 2 

48 12 46 

41 -9 -34 

23 38 -27 

45 27 -3 

b( 18 x 1 )
41 -47 3 34 -37 -40 -5 29 -50 44 35 -9 37 4 17 29 15 -42 

#10
A( 32 x 14 )
-28 -23 4 13 46 -22 1 -31 25 30 -32 17 33 21 

-47 -2 -17 -2 -22 -16 44 -37 -23 -17 -31 44 -38 34 

-48 -6 -3 -26 -27 -49 -11 21 -21 41 40 -45 21 11 

-26 -43 -18 -23 5 -32 -23 -15 -46 24 -50 -19 -43 -31 

27 -30 -47 -18 -34 -48 -42 -11 -46 -2 -39 35 41 3 

-8 12 -36 16 -29 49 -5 -21 19 -25 14 23 49 -33 

6 -44 -14 -17 28 42 15 44 44 24 36 0 -28 -1 

38 15 -48 -20 -23 19 -1 -49 -30 -4 -20 39 21 -4 

-36 20 13 20 27 2 5 -43 -6 -29 -48 40 -3 -10 

-9 -29 39 -21 36 -7 -39 15 14 10 16 34 -43 -2 

-25 -20 45 41 -49 8 -37 -20 -40 19 -13 -44 -8 41 

47 39 -19 40 -40 -30 -31 -2 14 32 -37 30 -7 -18 

15 -48 30 -8 -18 25 -16 35 36 -3 -35 -2 -34 -45 

5 8 46 2 49 -22 44 11 -50 -37 -41 -34 -3 25 

47 -8 -43 -36 -6 -11 6 -21 17 -8 -36 3 40 32 

-49 8 37 -42 19 -15 -38 -30 13 -44 32 -34 21 -7 

-18 -31 -32 -21 11 27 45 8 19 2 37 -14 44 3 

-9 -14 37 44 -3 24 -47 18 -40 17 38 -25 24 -28 

-9 -5 16 -24 -34 -14 -43 28 16 -47 -14 37 -43 25 

-27 3 30 -34 40 18 -40 39 44 15 7 6 -17 47 

32 -43 22 25 -46 -12 3 -29 -24 11 1 -6 -34 37 

-19 -27 -36 -44 26 44 24 -32 12 35 -43 7 -48 -34 

-37 -15 16 -3 44 -12 25 1 -22 30 -26 -44 -9 25 

-47 -41 -36 36 -18 -22 -5 -41 24 -31 29 -13 6 -11 

-4 9 -43 -39 -4 23 -39 43 13 -12 -6 41 -32 -30 

48 -38 45 3 -29 -41 -11 4 39 34 -35 13 -46 44 

2 10 35 0 -31 43 -36 -32 16 -25 -39 -20 -35 -43 

23 -17 -23 -27 -5 -28 26 -31 33 -34 23 22 -50 -10 

37 6 36 42 -33 22 -8 38 15 6 -44 33 -17 -33 

-37 -2 -26 37 -16 1 12 -19 -25 -11 0 -42 5 25 

-18 -43 -35 22 14 -48 14 -17 24 8 -29 41 17 30 

24 2 47 -10 3 24 29 37 27 -9 -32 5 30 -29 

b( 32 x 1 )
-35 37 46 -50 45 -38 22 -39 16 38 -6 42 -4 15 33 15 47 -41 -32 -3 -1 21 -29 30 8 0 -28 -22 7 -48 -49 23 

#11
A( 43 x 49 )
23 -13 12 47 -50 30 35 -6 -26 33 11 -43 -1 9 18 17 -44 20 40 29 0 -2 31 22 -22 -11 -23 32 14 19 -18 -13 8 44 -16 8 -24 21 -48 0 4 -35 -41 -47 24 27 -28 -18 49 

-38 13 0 -38 -5 24 43 -14 -49 25 -50 -28 -43 39 30 3 -27 40 -19 -4 -6 31 -50 10 -8 6 36 21 28 -31 21 -7 32 -29 5 29 -3 -2 -35 -1 25 -35 -27 32 -46 6 37 29 -4 

-32 -25 41 49 28 -47 -9 -16 39 -37 14 10 -14 -43 45 7 13 24 6 13 40 -45 41 7 31 23 -36 -13 -37 -5 33 -19 21 -24 33 -49 -21 26 -15 21 -9 49 -19 27 -43 -24 36 -28 3 

-7 -13 45 -50 -22 -46 31 4 -32 -32 17 -34 4 48 37 -18 -17 -10 -36 -40 25 35 -47 24 18 31 -17 -3 -31 -43 -50 12 -5 -3 -35 23 1 46 -23 -28 17 -4 -12 23 47 27 -45 -20 -33 

21 42 42 -42 46 -32 27 -21 -46 26 -2 -39 -22 13 6 25 -20 32 -24 28 11 -2 47 -42 -12 20 -45 -35 -22 -15 -18 49 30 26 -42 -22 45 -13 7 49 -37 7 12 -9 22 21 18 -48 3 

44 -17 -36 45 -20 24 35 -49 29 -49 31 17 -17 -18 -3 12 42 25 7 -21 34 -42 44 43 20 37 16 43 5 -30 -4 -48 3 -37 47 34 37 -16 -13 -31 -15 20 36 -29 -48 35 33 45 -38 

42 26 -2 -50 21 -9 -28 -40 9 -34 16 -18 -36 18 35 29 -33 -29 17 1 -40 -12 37 30 26 10 -15 11 -7 -20 -25 -15 8 -25 37 31 16 11 42 28 -21 8 -40 46 -24 -3 25 45 19 

44 -4 -19 -18 35 -38 -42 -5 -3 -29 -10 -21 48 -23 -11 -27 -36 -29 -8 -22 15 -30 -41 -27 -20 -45 -49 27 31 -2 48 25 44 -20 10 -18 44 18 27 43 -8 20 -28 -10 47 -37 14 14 -16 

-44 -6 1 28 3 24 -42 9 -23 -13 42 25 38 -31 -28 -32 29 4 -38 -50 33 7 -8 3 -19 32 -47 -6 48 17 -19 6 13 32 -16 -34 -41 44 25 -14 34 -31 14 22 -11 36 -8 -32 -10 

-44 20 25 13 -38 -21 44 -3 34 40 47 -47 -29 4 16 -46 -10 32 -37 37 -40 -49 -27 -21 15 -3 18 1 39 -11 -7 -3 -41 -31 -40 24 -50 6 -29 34 -4 20 37 -30 -26 -45 26 -33 37 

-9 6 -1 -8 -19 -19 10 28 49 13 17 40 9 16 2 28 -22 -24 -20 34 -3 16 32 -33 3 -48 44 -40 28 13 -1 -31 21 49 -36 -48 -20 24 30 31 39 49 22 -2 15 -26 28 43 -48 

-42 -21 -49 24 -39 20 29 16 -34 39 46 29 -11 -34 -48 40 32 -46 -30 -42 -14 3 47 -15 27 48 2 3 26 47 5 35 -24 6 9 40 -23 41 6 45 30 2 25 21 -30 27 -37 4 -16 

-17 12 20 -11 -38 8 -34 -40 -40 -28 36 -42 27 -27 36 36 -15 -22 15 -24 34 10 8 39 37 -20 11 -33 45 -34 1 -21 -20 23 -30 44 -19 38 -46 -8 -40 -7 -48 38 16 -10 -24 -49 19 

41 29 -45 1 -12 -4 -11 -30 10 6 -35 26 9 46 8 -18 -34 3 14 -45 -41 8 17 2 -38 5 21 2 -17 22 23 -26 -46 29 -22 -8 27 17 12 -13 25 -21 15 -16 -24 26 -32 44 -21 

32 1 -12 42 -31 -7 -46 -24 -36 -41 10 -12 32 -14 -8 -37 14 34 -7 33 48 30 8 30 48 -6 8 24 -35 2 -47 -1 6 43 -8 -23 -14 48 -45 -48 -43 -33 -9 -8 4 33 5 -32 18 

0 -48 -32 -19 -38 48 31 7 6 5 22 11 -40 -29 19 5 -35 46 -6 -36 -49 -4 -29 -31 37 13 -25 -27 21 -7 -7 23 47 11 6 -40 -38 -13 -31 18 42 -7 31 4 -34 0 -40 -18 -4 

4 -4 -50 2 -31 21 -10 -15 46 -35 8 41 8 -19 39 -31 38 49 -19 27 -32 2 20 11 35 26 -21 -14 36 11 -16 42 9 36 -5 -19 7 -13 16 -45 2 26 47 -40 9 36 31 -3 35 

15 27 5 19 -3 18 4 25 47 -8 -36 -39 27 -44 20 13 -47 3 23 42 21 28 -6 -3 25 -44 -43 11 -10 -44 48 -45 33 -45 -24 32 23 30 8 -27 -27 22 -16 2 -20 6 -35 36 12 

-10 28 -17 -31 25 31 -4 31 -10 10 23 -4 8 -20 32 -34 6 -34 -9 -13 -24 14 -38 0 0 14 -17 9 -19 -31 -29 -26 47 4 -7 22 -15 -9 -44 -23 -49 29 -24 -38 12 -42 -22 -32 26 

19 -43 -47 36 -31 -45 -14 -15 -12 -3 -31 7 18 -7 5 -27 -12 -23 -40 29 35 -12 -17 -33 -34 -5 29 26 -25 47 2 -4 7 -43 -18 26 -37 -29 14 1 18 -15 -41 39 28 -34 -38 18 45 

24 49 31 14 -18 0 30 -21 -21 6 4 28 11 3 -15 18 35 14 -17 8 -22 35 29 -35 -4 18 -5 12 -18 -37 -41 -44 -38 40 -27 47 -10 -47 -24 -29 -38 -17 -50 -25 36 -15 -5 -27 1 

29 32 -19 -34 11 -4 12 31 41 26 -37 6 35 -31 -29 -22 -8 -32 -30 48 46 44 12 -21 44 37 -35 31 -18 41 35 13 23 -34 29 36 13 43 17 -44 -29 30 13 -43 1 34 37 -4 4 

9 46 0 3 -40 30 49 47 -3 -17 31 -12 -32 47 13 -16 26 -49 -1 20 18 6 41 -50 21 0 -46 -43 39 -48 11 -49 48 13 4 -42 -7 -44 7 -7 -11 40 -17 -41 37 47 -7 -34 48 

-5 -12 -31 3 31 21 -26 34 25 33 23 -21 -6 -24 -23 -43 31 37 -47 -11 46 48 28 -11 33 -11 28 30 -16 44 -19 29 -18 -48 -18 16 23 -42 0 -49 -7 25 -20 37 -48 -40 -3 33 -1 

-48 24 -4 2 -46 -13 -15 -7 -35 18 27 -40 1 7 44 3 -9 10 28 -48 -40 -19 -5 -12 12 35 -10 -26 34 25 23 -12 -1 -31 40 3 -42 27 46 -26 47 -25 -16 -2 32 30 3 26 -9 

34 -20 -47 -35 -23 -9 27 -38 31 3 -2 -42 -23 -12 7 48 30 -40 -43 8 8 -19 5 34 -33 6 -32 47 -41 -4 40 43 26 -4 -41 -46 -11 -12 18 23 42 19 31 21 -43 -11 19 38 -49 

26 -4 -38 9 3 46 26 -41 16 -24 21 -37 18 14 -9 -36 -25 47 -44 14 16 29 -42 37 10 29 44 1 -2 32 -45 27 30 -33 -14 36 15 15 45 -19 -7 16 46 -39 33 -12 28 -42 37 

34 -26 -45 13 -18 42 25 -39 37 -23 -38 -29 -18 39 4 -49 27 -10 16 44 37 -1 -13 -44 48 -1 39 38 29 -1 25 13 24 31 28 -44 23 3 20 -38 30 -16 36 14 -27 42 15 2 -18 

33 -3 21 -17 -14 -21 -19 -13 20 -31 -34 -30 -4 29 44 -23 7 2 3 13 24 -33 -7 -42 -47 10 33 45 27 -14 29 11 -15 1 -4 21 -18 -21 -41 -47 -50 -25 -27 -4 7 19 -24 16 -29 

29 -21 46 46 -25 6 -50 35 -10 -3 -36 -22 -23 -23 13 -20 23 36 12 4 45 15 4 23 -10 -49 32 -41 29 -2 33 8 -20 -19 4 5 37 -44 42 -23 -44 -44 5 -17 -16 20 -35 9 7 

-21 -36 -46 -3 -30 -21 37 23 -39 -1 2 -38 -18 -40 -8 13 -33 -1 -48 -27 43 -20 -21 1 -13 -36 -13 -42 31 47 -33 -39 13 -29 -40 33 -47 47 7 16 -4 -41 28 -20 22 22 -5 39 23 

-2 14 16 28 -4 -32 17 -38 -43 -23 44 6 -6 7 -31 -32 17 5 -29 -34 -38 37 -35 23 -32 -5 47 40 41 36 -34 41 1 32 -29 -1 2 38 11 10 -34 5 -34 -38 14 38 -20 33 -7 

-47 -50 -43 41 17 -18 11 -38 -20 -47 5 -34 -31 -4 -31 4 -31 18 -44 -42 -20 -32 26 -13 37 38 -48 -23 21 35 20 -24 -13 -21 19 -46 11 -20 19 41 -16 26 10 3 25 -19 -43 44 -50 

16 -48 32 -14 -20 21 25 21 -25 -48 44 13 -26 -30 -50 3 40 7 -35 -30 -24 8 -44 4 20 10 -21 -48 -31 -26 4 -13 28 -14 24 -41 9 -1 30 35 -46 24 -2 -22 -4 -50 32 -14 7 

-1 -41 -15 9 -35 40 -20 25 -31 -18 -3 45 36 34 24 24 -40 33 -17 -38 -35 20 -34 -9 -32 46 37 21 28 -26 -22 29 -17 -34 -11 -2 -44 19 26 -25 3 25 -29 -11 -39 -3 15 -28 -20 

48 36 47 19 -48 -12 -11 48 27 -40 -21 -49 41 10 36 -43 49 37 -37 -30 -35 40 23 40 13 14 3 -40 31 25 42 30 -37 -9 -49 -35 -19 42 16 -41 -47 -3 12 -4 -43 -1 3 9 38 

-32 -19 5 -42 -45 47 -26 -29 0 36 -47 28 29 -15 41 22 38 9 -46 30 -25 -37 -15 -26 25 -17 33 26 36 -8 14 -46 24 21 15 -19 18 39 -46 -31 25 9 47 -44 -4 38 29 -16 -3 

33 17 -26 46 4 -50 -27 38 34 -50 24 28 -34 -19 -46 38 46 -15 6 35 42 25 -38 1 -26 -31 48 15 48 34 14 31 1 39 -21 8 -9 2 -4 -25 2 22 6 19 -47 10 -41 1 46 

15 -14 -10 43 -49 41 19 -30 -9 -16 -32 -24 49 1 -21 -10 30 37 31 -18 35 9 35 -40 -35 -44 -37 25 17 -33 -27 34 -45 -35 27 -44 9 49 -24 -50 35 -6 28 34 45 10 26 -23 -3 

-40 10 35 -29 47 45 -14 5 10 13 -28 27 -11 -44 33 4 -14 39 -37 -15 18 16 22 -38 -6 7 10 -46 35 37 -46 -3 49 -9 18 46 -14 6 1 -2 22 -25 -24 -39 -18 11 -33 -30 -48 

33 -43 20 -1 29 -15 -5 38 -3 -48 24 36 8 23 36 49 -8 -16 37 48 -12 -15 20 13 -37 -17 -3 24 1 -31 27 36 -24 49 -15 8 -16 -18 -4 31 36 22 18 -6 -4 -44 45 -10 -10 

32 -12 28 20 11 -8 -15 44 -9 12 47 11 41 33 37 40 20 47 -25 -47 -6 8 39 18 28 36 16 34 31 -44 -25 -34 -5 -47 -12 8 47 23 2 -11 37 -48 -50 28 35 -11 19 6 -13 

-4 -39 31 6 2 -49 -15 40 18 -31 22 24 -6 -10 21 -50 28 -21 47 -47 -16 -14 41 -14 -14 -29 23 26 -8 -21 15 -10 42 48 47 47 49 -18 37 -31 1 -39 -4 -2 1 19 -2 31 49 

b( 43 x 1 )
-5 -13 35 -16 -22 -29 20 -49 44 48 -6 26 13 34 -30 -37 31 19 -37 15 7 -18 19 18 -20 -33 22 -50 -33 3 1 12 40 -14 46 20 -41 -31 22 5 19 18 33 

#12
A( 36 x 3 )
6 48 -16 

-25 -39 1 

32 46 -30 

-47 -24 -13 

25 28 4 

30 -21 19 

-27 -33 -33 

43 -24 -14 

-33 -16 -44 

35 -33 -7 

40 23 -9 

26 49 -45 

-23 -17 -49 

-2 -14 29 

-13 13 8 

-6 -6 -11 

-37 -31 7 

32 -38 -15 

-31 32 19 

27 -31 -11 

-30 11 14 

-37 -13 13 

-32 15 -1 

-31 15 -13 

1 4 -49 

11 48 47 

-50 13 -34 

-41 -4 30 

-5 15 -36 

16 44 -16 

-45 16 45 

20 29 35 

35 48 -48 

36 19 17 

-26 22 -29 

-25 -17 22 

b( 36 x 1 )
24 36 -15 40 45 31 -28 42 48 -13 9 -6 -27 -34 -40 20 36 -8 5 -26 42 7 -40 -37 26 36 36 0 13 21 -28 -13 7 7 29 -45 

